600 
5 5 
1.61 1.34 4.81 1.44 2.67 
1.85 4.18 6.00 1.57 2.74 
1.96 7.76 0.88 1.37 1.51 
1.65 11.39 5.70 1.28 2.70 
1.46 13.91 8.83 1.85 1.52 
2.51 16.11 5.21 1.87 1.54 
7.62 1.08 9.23 1.84 1.41 
7.11 4.01 0.96 1.19 2.79 
7.91 7.06 1.21 1.96 1.87 
6.74 11.33 8.83 1.38 2.79 
7.59 13.68 8.40 1.96 1.17 
6.27 16.61 3.48 1.75 2.69 
12.10 2.24 7.38 1.62 2.51 
12.85 4.24 1.58 1.82 1.26 
12.48 7.88 5.53 1.03 2.19 
11.49 10.05 6.34 1.62 1.75 
12.21 14.13 0.22 1.46 1.85 
11.35 16.87 0.19 1.59 2.85 
16.31 2.19 6.25 1.47 2.78 
17.21 4.82 9.39 1.98 1.24 
16.08 7.07 4.32 1.94 2.65 
16.40 10.19 0.82 1.54 2.19 
17.13 13.80 3.51 1.35 2.83 
17.96 17.23 1.05 1.08 1.49 
3.24 22.14 7.78 1.82 1.41 
2.09 24.03 6.99 1.34 2.48 
1.08 27.97 9.36 1.69 1.67 
1.95 30.42 6.22 1.62 1.84 
1.11 33.14 9.53 1.41 2.23 
3.56 37.23 4.35 1.61 1.25 
7.50 21.67 0.90 1.93 1.12 
7.44 24.01 7.78 1.58 2.00 
7.32 27.69 9.68 1.21 1.45 
6.50 30.96 4.19 1.80 1.53 
6.36 33.02 6.52 1.45 2.89 
6.32 37.60 6.66 1.25 1.56 
12.02 22.03 4.81 1.32 2.69 
11.49 24.56 1.47 1.54 2.92 
11.35 27.90 6.83 1.80 1.59 
11.84 31.45 9.91 1.54 2.36 
11.89 33.55 5.23 1.65 1.27 
12.00 37.62 6.63 1.23 2.19 
17.65 21.62 2.38 1.68 2.26 
16.39 24.24 0.14 1.83 1.69 
18.41 27.69 4.43 1.93 1.14 
18.13 31.09 2.01 1.25 1.75 
17.34 34.74 9.56 1.13 2.47 
17.26 36.60 9.64 1.97 1.75 
1.71 41.89 0.51 1.93 1.29 
2.15 44.25 5.21 1.18 1.70 
1.73 47.21 9.69 1.06 2.30 
1.66 50.27 4.13 1.94 2.38 
1.52 54.23 9.38 1.37 2.80 
2.94 56.86 2.03 1.55 1.11 
7.82 42.35 9.16 1.43 2.08 
6.33 44.19 1.18 1.93 2.91 
6.65 47.27 8.63 1.83 2.90 
7.04 50.19 9.99 2.00 2.81 
6.97 54.25 7.44 1.09 1.37 
7.76 57.77 8.20 1.17 1.53 
11.07 41.26 8.44 1.67 1.99 
11.37 44.40 2.96 1.12 2.19 
11.40 47.63 5.82 1.58 1.33 
12.31 50.20 9.95 1.67 2.26 
13.15 53.25 0.89 1.69 1.62 
11.85 56.69 4.93 1.26 2.01 
16.87 42.24 4.74 1.45 2.92 
17.10 45.25 4.18 1.13 2.84 
16.71 47.16 4.36 1.06 1.66 
17.89 51.25 1.19 1.72 1.06 
17.28 54.11 2.82 1.77 2.24 
16.82 56.36 9.36 1.61 1.43 
2.79 61.21 7.75 1.77 1.21 
2.21 65.14 4.78 1.33 2.01 
2.32 68.39 4.46 1.56 2.57 
1.07 70.01 5.32 1.77 2.44 
3.09 74.13 1.25 1.56 1.16 
1.80 76.91 6.76 1.25 1.50 
7.06 62.41 0.67 1.38 1.96 
6.54 64.46 6.73 1.57 1.61 
6.33 67.23 7.92 1.57 1.22 
7.41 71.16 3.11 1.39 2.33 
7.21 73.58 2.37 1.77 2.40 
7.45 76.89 7.93 1.89 1.38 
13.06 62.13 0.83 1.81 1.94 
11.75 64.41 8.40 1.88 2.77 
12.67 67.43 7.04 1.45 2.21 
11.22 70.09 4.99 1.74 2.96 
11.67 73.03 6.13 1.01 2.79 
12.96 76.38 0.51 1.82 1.41 
17.33 62.02 1.87 1.49 1.37 
16.89 64.83 9.09 1.08 2.30 
16.51 68.27 2.58 1.65 2.99 
18.27 70.01 8.54 1.96 1.39 
17.87 73.98 4.46 1.98 2.07 
18.19 77.44 4.17 1.49 1.06 
1.43 82.74 2.46 1.23 2.59 
1.45 84.36 5.29 1.49 2.01 
1.98 87.02 3.25 1.68 2.25 
1.63 90.28 9.22 1.93 2.97 
2.94 93.42 6.07 1.86 1.12 
1.30 96.88 8.68 1.81 1.27 
7.35 82.77 4.73 1.00 1.84 
8.15 84.39 3.65 1.98 1.19 
8.28 87.77 5.15 1.39 1.62 
6.87 90.50 6.85 1.35 2.57 
7.17 94.18 6.02 1.56 1.63 
8.02 97.21 8.64 1.63 1.38 
12.56 81.89 5.97 1.87 1.16 
12.23 84.31 7.49 1.40 2.75 
11.38 87.20 0.33 1.06 2.84 
11.66 90.33 1.19 1.62 2.08 
12.30 93.08 9.73 1.52 1.97 
11.27 96.07 3.17 1.71 2.28 
17.57 82.19 9.82 1.71 2.01 
18.21 85.49 8.33 1.29 1.66 
17.71 87.70 6.08 1.19 1.35 
16.48 91.15 4.18 1.75 1.15 
17.33 93.11 9.78 1.28 2.52 
16.27 96.71 3.57 1.37 1.90 
21.09 1.74 8.22 1.87 2.89 
21.60 5.12 6.59 1.17 1.00 
21.12 8.25 0.11 1.54 1.60 
22.20 10.77 2.95 1.50 2.70 
21.41 13.36 6.15 1.19 2.36 
21.33 17.69 8.88 1.30 2.45 
26.91 2.19 8.24 1.26 1.02 
27.49 4.54 1.24 1.07 2.46 
27.54 8.30 2.37 1.58 1.12 
26.90 10.30 3.59 1.95 2.74 
27.07 13.99 0.87 1.72 2.34 
27.41 16.08 7.18 1.64 2.53 
32.39 2.58 5.56 1.19 1.24 
31.14 4.74 0.94 1.47 2.99 
32.37 7.63 9.39 1.55 1.96 
31.91 10.04 4.46 1.20 1.45 
32.02 13.58 5.30 1.20 2.72 
32.37 17.20 3.27 1.53 1.72 
36.40 1.85 1.49 1.88 2.28 
37.94 4.81 7.92 1.65 1.13 
37.30 8.35 8.71 1.61 1.92 
36.67 10.12 6.18 1.82 2.82 
37.45 13.83 3.04 1.76 2.39 
36.57 17.27 0.16 1.06 2.56 
22.20 22.06 1.91 1.29 2.26 
23.24 24.02 1.29 1.74 1.16 
22.25 28.54 8.17 1.21 1.10 
21.25 30.97 5.38 1.32 1.53 
23.00 33.98 7.38 1.30 1.79 
21.88 36.19 1.92 1.71 2.66 
26.99 21.42 0.15 2.00 2.63 
27.54 24.63 5.30 1.39 1.12 
26.24 28.12 6.98 1.46 2.49 
26.93 31.57 8.44 1.05 2.63 
28.66 34.39 6.31 1.12 1.20 
26.60 36.44 8.44 1.20 3.00 
32.92 21.92 1.80 1.57 1.89 
31.53 24.05 6.18 1.47 2.27 
31.34 28.17 6.65 1.82 2.25 
32.48 30.16 9.26 1.37 1.80 
32.37 33.09 6.01 1.14 2.07 
32.76 36.49 3.45 1.40 1.51 
37.32 21.83 7.52 1.08 1.85 
37.71 25.03 8.29 1.80 1.06 
36.38 27.74 0.44 1.89 1.10 
38.67 30.21 1.98 1.80 1.26 
37.29 34.16 7.13 1.41 1.97 
36.55 37.08 4.49 1.57 2.69 
21.03 41.02 7.38 1.93 1.77 
21.41 45.29 1.65 1.63 1.98 
21.76 48.55 4.96 1.22 2.27 
22.15 50.46 2.56 1.09 1.09 
21.34 54.30 1.85 1.64 1.32 
22.12 56.43 1.69 1.36 2.84 
28.05 42.03 5.94 1.79 1.86 
26.61 45.28 5.42 1.34 1.91 
26.55 48.26 4.67 1.64 2.73 
27.32 50.25 1.02 1.25 1.56 
28.40 53.63 0.19 1.39 1.38 
28.30 56.12 9.38 1.37 1.33 
31.96 42.52 3.34 1.23 2.73 
31.99 44.92 9.18 1.95 1.87 
32.28 47.64 2.54 1.42 2.56 
33.59 50.66 5.71 1.42 1.30 
32.73 54.21 6.79 1.66 2.25 
31.54 56.57 1.26 1.78 1.27 
37.70 42.28 5.10 1.32 1.39 
37.22 44.33 3.73 1.61 2.11 
36.68 47.09 4.89 1.44 2.77 
37.76 50.60 0.66 1.66 1.52 
36.71 53.35 9.40 1.64 2.04 
37.73 57.17 9.04 1.51 1.82 
22.93 61.84 9.55 1.65 1.23 
21.47 64.78 8.47 1.99 2.40 
21.39 68.00 6.16 1.91 1.33 
21.36 70.72 9.09 1.97 2.27 
21.50 74.04 6.81 1.70 2.30 
22.91 76.22 4.68 1.90 1.45 
26.11 62.08 9.82 1.90 1.16 
28.17 64.48 9.61 1.57 1.73 
26.29 67.68 4.27 1.84 2.84 
28.05 70.57 4.73 1.85 1.64 
26.83 73.00 8.48 1.53 1.56 
28.01 77.21 3.70 1.45 1.15 
31.25 62.66 2.86 1.00 2.46 
32.27 64.45 1.16 1.38 1.95 
32.52 68.11 1.53 1.53 2.32 
32.62 71.14 4.61 1.17 1.79 
31.96 73.98 2.71 1.17 2.40 
31.93 77.96 5.76 1.03 2.54 
36.44 61.28 2.77 1.58 1.92 
36.08 65.28 1.42 1.33 2.70 
36.21 67.51 0.03 1.69 1.77 
36.36 71.70 7.68 1.14 2.87 
38.56 73.20 8.80 1.23 1.12 
36.70 77.17 0.22 1.28 1.72 
21.07 81.77 9.17 1.05 1.50 
22.91 84.94 3.46 1.91 1.06 
22.37 88.56 5.30 1.13 1.52 
21.75 90.59 8.59 1.78 2.62 
21.71 93.03 3.43 1.88 2.79 
23.53 96.32 4.51 1.92 1.02 
26.39 81.57 5.90 1.95 2.68 
26.25 85.11 7.14 1.78 1.72 
26.01 87.77 8.14 1.32 1.05 
26.25 91.20 5.18 1.08 1.61 
27.15 93.86 0.28 1.09 1.82 
26.06 96.81 7.70 1.09 1.17 
31.79 81.77 5.12 1.99 2.61 
32.25 84.01 4.41 1.90 2.32 
31.55 87.31 9.48 1.05 2.35 
31.74 91.86 1.93 1.10 1.26 
31.72 93.54 7.73 1.91 2.72 
31.85 96.52 8.22 1.50 2.76 
36.07 81.13 4.04 1.21 2.49 
36.53 84.33 8.08 1.31 1.57 
37.29 88.43 6.72 1.22 1.82 
36.60 90.79 6.62 1.50 2.80 
36.17 94.45 8.59 1.54 2.24 
36.15 97.65 6.91 1.03 1.14 
42.73 2.60 5.28 1.34 1.03 
42.08 4.69 1.25 1.88 2.40 
42.98 7.49 2.67 1.38 1.41 
41.42 11.29 8.37 1.18 2.77 
42.55 14.26 9.17 1.52 2.17 
42.26 17.56 1.24 1.44 2.07 
47.35 1.88 7.41 1.91 1.79 
47.12 4.07 1.36 1.29 2.70 
46.56 7.73 1.35 1.41 1.91 
46.71 10.62 2.21 1.56 2.13 
46.10 13.87 0.70 1.66 2.40 
46.28 16.84 2.41 1.17 2.79 
51.08 2.32 4.64 1.55 1.97 
51.25 4.14 2.89 1.57 2.63 
53.27 8.48 7.33 1.17 1.43 
52.40 10.31 1.50 1.45 1.99 
51.68 13.03 9.50 1.39 2.98 
53.53 16.95 1.73 1.19 1.34 
56.14 1.52 4.92 1.95 1.87 
56.88 4.61 0.95 1.65 1.56 
57.62 7.82 4.95 1.77 1.91 
57.69 10.28 7.54 1.77 1.25 
56.94 13.98 9.36 1.14 2.33 
56.17 16.02 7.10 1.24 1.75 
41.13 21.44 7.41 1.44 1.92 
42.68 25.11 0.74 1.34 1.90 
41.53 28.31 8.99 1.11 2.41 
42.26 30.14 0.91 1.88 1.82 
42.95 33.43 5.98 1.43 1.88 
42.87 36.15 6.80 1.19 1.14 
46.27 21.17 8.20 1.27 2.78 
46.33 24.40 7.72 1.02 2.27 
48.07 28.25 0.58 1.40 1.78 
46.82 30.45 3.70 1.22 2.47 
46.73 33.84 9.89 1.93 1.15 
46.60 37.03 4.10 1.49 1.39 
51.79 21.62 2.92 1.27 2.74 
51.69 24.46 6.95 1.44 2.01 
51.94 27.19 3.03 1.22 2.95 
51.27 30.96 4.22 1.25 1.98 
52.51 33.01 4.42 1.22 1.89 
51.74 36.86 6.39 1.68 2.11 
57.44 21.78 3.34 1.89 1.81 
57.00 24.17 1.86 1.78 2.98 
56.85 27.62 0.41 1.70 2.14 
56.53 31.06 0.16 1.27 2.43 
56.57 33.38 0.19 1.56 2.01 
56.99 36.56 9.17 1.28 1.38 
41.82 41.86 6.61 1.35 1.41 
42.69 45.67 0.62 1.13 1.12 
42.09 47.21 3.42 1.10 2.50 
41.79 51.86 3.48 1.10 2.97 
41.26 53.63 4.01 1.83 2.40 
42.43 56.70 8.31 1.28 1.60 
46.29 41.70 2.70 1.96 1.74 
47.23 45.53 9.53 1.06 2.11 
46.31 48.26 6.28 1.74 1.37 
47.13 51.22 3.57 1.76 1.36 
47.24 53.42 5.50 1.70 1.08 
46.66 56.71 2.08 1.10 2.21 
51.82 41.92 4.09 1.75 1.50 
51.14 45.26 2.66 1.46 2.80 
53.76 47.09 8.44 1.39 1.20 
51.64 51.41 1.10 1.15 2.70 
51.71 53.04 4.43 1.18 2.80 
51.73 57.28 9.72 1.11 2.75 
57.39 41.99 6.80 1.27 1.72 
57.67 44.20 9.04 1.92 1.18 
56.07 48.16 0.29 1.50 2.97 
56.59 50.98 4.51 1.03 1.61 
57.53 54.21 1.38 1.18 1.35 
57.28 56.66 0.05 1.81 1.31 
42.32 61.55 2.16 1.55 1.34 
41.15 64.31 8.58 1.45 2.64 
42.86 67.22 0.92 1.45 1.15 
42.49 70.58 6.57 1.65 2.49 
41.47 73.99 6.85 1.72 2.48 
42.27 76.55 1.91 1.55 1.77 
46.48 61.43 4.26 1.34 2.41 
47.44 65.36 2.30 1.43 1.73 
46.40 67.40 1.56 1.19 1.02 
46.53 70.54 2.18 1.97 1.57 
46.73 73.05 8.10 1.52 2.77 
46.39 76.79 9.56 1.48 2.55 
52.16 62.13 9.21 1.32 1.91 
51.92 64.73 9.07 1.70 2.56 
52.61 68.24 6.72 1.16 1.88 
51.00 70.90 0.31 1.85 1.03 
52.31 74.86 3.60 1.06 1.03 
51.55 76.22 2.41 1.08 1.04 
56.80 62.59 8.68 1.11 1.43 
57.47 64.61 8.46 1.97 2.51 
57.34 67.84 9.48 1.68 1.46 
56.65 71.45 0.83 1.52 2.51 
56.49 74.14 6.81 1.67 2.17 
56.17 76.03 1.30 1.91 2.38 
42.79 81.54 6.78 1.47 1.33 
42.51 85.06 0.79 1.32 1.23 
41.33 87.91 4.47 1.78 2.81 
42.01 90.77 6.90 1.21 2.29 
42.11 94.18 9.28 1.33 1.35 
41.95 96.72 7.75 1.36 2.49 
48.27 81.62 8.99 1.22 1.15 
46.65 84.55 2.11 1.57 2.36 
46.83 87.76 9.75 1.20 1.92 
47.05 90.10 7.82 1.98 1.90 
46.73 93.62 7.83 1.62 2.63 
47.27 96.96 6.70 1.97 2.62 
51.94 81.44 4.02 1.17 1.98 
52.01 84.05 7.01 1.81 1.73 
52.93 87.11 2.61 1.47 1.27 
53.13 91.67 3.41 1.03 1.39 
53.00 94.67 6.00 1.03 1.79 
51.48 97.63 3.13 1.10 1.93 
57.98 82.51 9.91 1.04 1.40 
56.41 84.66 6.47 1.45 2.52 
56.04 88.09 3.56 1.66 1.09 
57.01 91.09 2.72 1.69 2.97 
58.00 94.32 2.95 1.23 1.49 
58.75 96.65 9.90 1.54 1.15 
61.60 2.04 9.06 1.11 2.80 
61.95 4.90 5.33 1.59 2.54 
61.49 7.21 5.19 1.91 2.87 
61.82 11.09 7.21 1.88 1.86 
63.04 13.07 6.06 1.18 1.93 
62.73 17.35 4.49 1.57 1.40 
68.15 1.02 9.16 1.32 1.36 
66.39 4.17 6.68 1.49 2.11 
67.16 8.11 1.52 1.46 2.76 
66.11 11.00 1.34 1.72 2.93 
66.05 13.02 9.42 1.25 2.69 
67.39 16.54 1.29 1.53 2.56 
71.36 2.24 7.33 1.44 1.91 
73.37 4.84 2.29 1.36 1.36 
71.46 8.53 0.38 1.16 2.83 
71.13 10.09 6.64 1.46 2.32 
71.11 14.00 0.85 1.79 1.50 
71.01 16.79 8.52 1.23 2.09 
76.52 1.51 0.24 1.95 2.14 
76.52 5.63 4.02 1.08 2.68 
78.96 8.15 4.73 1.34 1.01 
76.04 11.25 6.57 1.13 2.63 
76.96 14.06 0.84 1.49 2.53 
77.10 17.15 2.61 1.01 2.26 
61.16 22.42 1.34 1.54 2.78 
61.34 24.75 9.16 1.54 1.97 
62.98 27.28 9.60 1.78 1.65 
61.05 31.15 2.20 1.68 1.45 
62.09 34.08 2.39 1.40 1.29 
61.56 36.25 7.07 1.92 2.90 
67.22 21.45 6.20 1.73 1.20 
67.69 24.10 4.45 1.67 1.67 
67.56 27.19 6.69 1.13 2.02 
67.65 30.83 9.36 1.95 2.35 
66.66 33.86 9.87 1.87 2.82 
66.46 37.36 0.74 1.04 1.98 
73.54 21.09 0.51 1.71 1.14 
72.13 25.32 4.44 1.18 2.04 
71.23 28.02 4.85 1.95 1.83 
72.09 31.11 6.61 1.72 1.89 
72.85 33.73 4.87 1.14 1.94 
71.41 36.16 6.46 1.30 1.51 
77.14 21.49 4.40 1.94 2.01 
76.79 24.67 1.90 1.99 1.47 
76.21 27.88 3.64 1.18 2.47 
77.70 30.83 7.09 1.77 1.85 
76.73 33.69 7.17 1.98 1.85 
76.43 37.58 2.16 1.06 1.34 
62.75 41.96 6.50 1.38 1.74 
61.72 44.64 2.41 1.88 2.66 
61.53 47.22 5.13 1.57 1.79 
62.21 50.51 0.24 1.27 2.73 
62.50 53.93 1.71 1.87 2.42 
62.53 57.30 1.19 1.35 2.26 
66.35 42.01 4.84 1.53 1.28 
66.27 45.02 8.07 1.82 2.47 
67.42 48.32 0.20 1.32 2.30 
66.18 50.78 5.95 1.75 1.59 
66.11 53.14 1.17 1.12 2.89 
67.08 56.47 7.36 1.97 2.47 
71.73 41.38 6.63 1.55 1.67 
71.11 44.12 6.71 1.42 1.66 
72.60 48.11 5.55 1.62 2.29 
71.40 50.42 2.39 1.23 1.96 
71.84 53.99 0.85 1.55 2.09 
71.46 56.10 5.56 1.63 1.68 
76.57 41.95 5.98 1.72 2.50 
76.30 44.20 0.64 1.37 2.34 
77.54 47.10 2.23 1.53 1.47 
76.67 50.03 4.65 1.50 1.08 
77.04 53.35 9.52 1.05 2.94 
77.65 57.64 1.88 1.15 1.74 
62.56 61.96 0.63 1.53 2.19 
61.87 64.21 5.78 1.75 2.77 
61.76 67.36 5.74 1.81 2.11 
61.72 70.34 9.13 1.75 2.36 
61.64 73.27 3.51 1.83 2.09 
63.15 76.83 6.60 1.72 1.29 
67.07 61.24 3.16 1.90 2.85 
66.11 64.03 5.31 1.54 2.09 
66.35 67.10 4.07 1.32 2.84 
67.54 70.17 9.28 1.35 1.17 
68.59 73.92 8.07 1.81 1.01 
67.02 77.09 3.20 1.56 2.60 
72.07 61.78 3.80 1.57 1.81 
71.70 64.51 1.49 1.96 1.20 
71.00 68.22 7.29 1.20 2.42 
73.66 70.14 2.03 1.15 1.05 
71.57 73.38 2.99 1.92 2.86 
71.87 77.30 6.35 1.62 1.41 
78.47 61.45 5.10 1.20 1.53 
78.30 64.13 3.91 1.17 1.44 
78.28 67.57 0.35 1.43 1.15 
78.44 71.30 7.53 1.26 1.07 
76.00 74.08 9.80 1.57 2.52 
77.29 76.07 3.01 1.37 2.37 
63.21 81.93 0.67 1.53 1.19 
61.35 84.02 7.42 1.80 2.97 
62.21 88.83 0.12 1.11 1.39 
61.96 90.64 9.25 1.97 1.95 
61.16 93.25 4.59 1.55 2.99 
61.47 96.67 8.63 1.65 1.77 
66.88 82.07 1.21 1.93 1.88 
66.86 84.39 9.26 1.35 1.83 
67.24 87.64 5.69 1.06 1.60 
67.05 91.12 4.23 1.73 2.07 
68.07 93.46 6.01 1.26 1.24 
67.62 96.84 5.10 1.28 1.61 
71.42 81.13 3.60 1.58 1.81 
71.16 85.11 6.99 1.79 2.47 
71.03 87.79 0.37 1.79 2.89 
71.45 90.08 5.54 1.14 2.99 
71.14 93.98 0.39 1.83 1.26 
73.26 96.89 5.78 1.98 1.19 
76.81 82.05 2.14 1.94 2.56 
76.32 84.46 2.33 1.08 2.30 
77.27 87.17 6.35 1.72 1.98 
77.24 91.57 6.69 1.17 1.57 
76.95 93.85 3.39 1.24 2.87 
77.05 96.72 6.16 2.00 2.91 
82.12 2.30 0.08 1.16 2.23 
81.94 5.46 2.99 1.27 2.51 
81.18 8.13 4.45 1.70 1.23 
82.54 10.02 0.15 1.78 2.09 
82.07 13.44 2.51 1.70 2.92 
81.85 16.38 2.96 1.11 2.54 
86.85 2.13 3.25 1.85 2.11 
87.27 5.36 3.26 1.53 2.30 
86.97 8.43 8.14 1.22 2.70 
86.05 10.04 7.22 1.01 2.87 
87.29 13.52 0.35 2.00 2.37 
86.30 16.36 5.42 1.86 2.99 
92.61 1.62 9.83 1.78 2.00 
91.52 4.74 1.79 1.25 1.63 
92.18 8.23 6.19 1.62 2.68 
93.43 10.83 5.43 1.85 1.08 
91.05 13.27 3.09 1.97 2.30 
91.41 16.59 3.95 1.21 2.65 
97.21 1.87 1.57 1.19 1.86 
98.06 4.40 7.82 1.39 1.38 
96.10 7.88 0.89 1.08 2.93 
98.71 11.10 0.60 1.57 1.27 
98.00 13.97 8.54 1.55 1.98 
97.05 16.90 4.49 1.96 1.66 
81.87 21.87 2.90 1.56 2.91 
82.32 25.42 8.14 1.24 1.37 
82.21 27.12 1.67 1.36 1.70 
81.78 30.25 0.62 1.64 1.92 
81.61 33.66 5.37 1.43 2.17 
82.14 36.07 5.53 1.85 2.12 
86.51 21.54 5.30 1.91 2.99 
87.09 24.02 5.98 1.98 1.69 
87.03 28.01 7.73 1.47 1.93 
88.03 30.55 2.58 1.11 1.30 
86.22 34.11 3.47 1.33 2.72 
87.55 36.80 9.49 1.64 1.51 
91.50 21.93 5.74 1.97 2.40 
91.99 25.48 9.09 1.17 1.20 
93.61 27.03 1.19 1.69 1.20 
91.03 31.17 4.47 1.42 2.76 
91.38 34.11 3.01 1.05 1.45 
92.58 37.20 5.27 1.68 1.77 
97.51 21.18 4.02 1.47 1.04 
96.87 25.11 0.02 1.50 2.73 
96.24 27.80 7.36 1.22 1.68 
96.41 30.79 4.63 1.93 2.21 
96.01 33.92 5.57 1.94 2.13 
96.04 37.38 7.00 1.28 2.88 
81.46 41.39 2.16 1.96 1.43 
81.58 45.16 2.54 1.10 2.38 
81.91 47.10 9.13 1.93 1.67 
81.12 50.40 0.13 1.23 2.14 
83.93 53.49 4.68 1.28 1.04 
81.71 56.45 3.29 1.96 1.27 
88.17 41.95 7.67 1.06 1.13 
86.33 45.04 6.67 1.24 2.41 
87.21 48.28 7.70 1.39 2.75 
86.29 50.17 4.86 1.16 1.31 
87.73 53.33 0.34 1.77 1.53 
86.90 56.24 4.23 1.35 2.99 
91.64 41.47 6.13 1.62 1.14 
91.35 45.03 9.31 1.61 1.82 
91.96 47.57 1.29 1.91 1.32 
93.26 51.17 9.32 1.21 1.47 
92.31 53.77 8.53 1.93 2.21 
92.05 57.27 3.65 1.49 1.31 
96.67 41.56 2.28 1.30 1.20 
97.43 44.21 8.47 1.15 2.20 
98.22 47.87 8.61 1.46 1.36 
96.99 50.29 9.10 1.96 2.71 
97.00 53.15 1.35 1.12 1.80 
96.87 57.42 7.02 1.35 2.38 
82.04 61.06 4.24 1.40 2.63 
81.44 64.73 8.88 1.45 1.80 
83.20 68.25 8.02 1.61 1.67 
82.08 70.89 7.10 1.45 2.01 
82.10 73.66 3.05 1.81 2.07 
81.84 76.21 2.80 1.58 1.41 
86.13 61.41 8.75 1.04 2.55 
86.57 64.07 7.35 1.09 2.26 
86.50 67.37 5.11 1.65 2.35 
88.08 71.40 9.64 1.02 1.62 
86.07 73.39 8.78 1.78 2.96 
87.71 76.35 4.15 1.39 1.84 
91.52 62.43 7.36 1.42 1.17 
92.44 64.41 6.62 1.35 2.45 
91.95 67.25 6.87 1.43 1.50 
92.37 70.84 1.24 1.48 1.70 
91.33 73.05 8.95 1.98 2.11 
91.05 77.60 2.87 1.14 2.99 
98.37 61.70 4.77 1.57 1.57 
96.43 64.04 5.59 1.37 1.52 
98.01 68.36 2.00 1.51 1.98 
96.96 70.66 5.49 1.14 1.32 
97.08 74.50 2.52 1.08 1.97 
96.51 76.86 3.24 1.89 2.87 
82.47 82.61 3.04 1.09 2.33 
82.70 84.72 1.04 1.57 1.31 
81.88 87.64 9.30 1.70 1.51 
81.03 90.68 6.78 1.36 1.72 
81.72 94.50 9.91 1.17 2.94 
81.58 96.36 5.31 1.71 2.61 
86.22 81.47 6.56 1.08 1.49 
86.13 84.01 3.18 1.38 1.97 
86.22 87.05 2.07 1.63 2.69 
87.63 91.46 0.21 1.23 1.01 
86.62 93.06 3.64 1.64 1.80 
86.96 96.24 1.97 1.56 1.48 
92.20 82.41 1.54 1.07 1.73 
93.42 85.75 7.70 1.03 1.36 
91.57 87.08 3.42 1.08 2.84 
92.40 90.02 3.08 1.81 1.79 
91.70 93.63 6.27 1.95 2.28 
91.02 96.80 4.74 1.89 2.53 
96.91 81.71 0.45 1.28 2.88 
98.40 84.52 8.68 1.77 1.28 
97.23 87.83 9.71 1.78 2.04 
97.05 91.13 7.88 1.49 2.30 
96.12 94.28 2.17 1.54 2.46 
97.15 96.85 0.78 1.74 1.36 
