96 
2 2 
2.07 2.02 8.28 1.64 2.74 
3.01 5.22 6.29 1.46 1.52 
1.19 8.20 6.02 1.40 2.64 
1.86 10.14 5.72 1.68 2.46 
1.28 13.82 0.40 1.74 1.14 
1.26 16.01 2.66 1.75 2.27 
6.98 1.07 2.44 1.96 1.64 
7.10 5.61 4.10 1.09 1.50 
6.64 8.30 5.21 1.23 2.46 
7.40 10.13 5.48 1.26 2.05 
7.40 13.43 0.25 1.85 1.60 
6.82 16.36 2.65 1.46 2.00 
11.12 1.38 4.76 1.83 1.93 
11.48 5.32 2.12 1.03 1.69 
11.59 7.57 5.43 1.18 2.25 
12.21 10.83 3.59 1.74 1.73 
11.88 14.53 4.67 1.28 2.14 
11.47 17.37 0.90 1.18 2.48 
16.96 2.43 2.80 1.49 2.06 
17.13 5.03 0.04 1.83 2.42 
16.96 7.30 6.24 1.62 2.96 
16.74 10.65 8.42 1.66 1.95 
17.36 14.41 2.90 1.23 1.63 
16.41 16.53 6.90 1.79 2.41 
1.32 21.40 8.37 1.96 1.95 
1.47 25.09 6.16 1.37 1.24 
1.95 27.67 8.13 1.76 2.94 
2.38 30.81 7.47 1.19 1.89 
1.84 33.08 2.54 1.80 2.77 
2.53 37.44 6.04 1.41 1.22 
7.74 21.99 7.70 1.93 1.56 
6.26 24.93 5.61 1.91 2.97 
6.85 27.07 3.99 1.42 2.31 
6.53 30.76 0.59 1.28 2.91 
7.09 33.10 3.91 1.46 1.85 
6.89 36.13 7.21 1.68 1.59 
11.20 22.09 4.82 1.06 1.09 
11.81 24.28 9.66 1.89 2.86 
11.07 27.08 4.68 1.85 2.29 
11.20 30.98 6.33 1.36 2.92 
11.96 34.63 4.09 1.27 2.22 
11.10 36.98 2.29 1.34 1.61 
16.88 21.28 4.13 1.38 1.98 
16.41 25.25 8.37 1.08 2.67 
17.58 27.24 5.97 1.92 2.38 
17.00 31.13 3.87 1.33 1.68 
16.95 34.16 8.35 1.28 2.70 
16.57 37.19 6.03 1.79 2.64 
22.32 2.07 8.86 1.74 1.11 
23.20 5.09 5.96 1.80 1.70 
22.20 7.53 2.36 1.81 1.55 
21.35 10.88 0.94 1.24 2.20 
21.28 13.51 8.15 1.92 2.66 
22.65 16.24 6.75 1.10 1.36 
27.14 2.14 5.63 1.01 1.65 
26.10 4.99 2.49 1.71 2.95 
26.07 7.37 8.11 1.43 2.83 
28.58 10.88 7.20 1.58 1.35 
26.54 13.80 0.68 1.44 2.17 
27.31 16.38 4.73 1.45 2.68 
32.23 2.34 7.38 1.21 2.57 
33.25 4.17 1.31 1.63 1.36 
33.65 7.55 2.12 1.73 1.29 
31.72 10.00 8.85 1.68 1.28 
32.03 14.69 5.10 1.05 2.65 
32.50 17.70 0.74 1.10 2.18 
36.94 1.09 5.35 1.08 2.51 
37.55 4.05 7.35 1.92 1.84 
37.56 7.52 4.27 1.98 2.10 
36.88 11.00 7.94 1.07 2.88 
36.38 13.02 1.29 1.85 1.85 
36.25 17.08 5.71 1.75 2.76 
22.05 22.85 6.29 1.04 2.89 
21.02 24.35 0.08 1.98 1.65 
21.76 28.04 1.45 1.95 2.50 
22.60 31.09 7.04 1.89 1.69 
22.08 34.25 1.38 1.38 2.87 
22.34 36.19 8.53 1.10 1.41 
26.97 21.37 3.87 1.55 2.52 
26.89 24.01 4.95 1.21 1.07 
27.00 27.23 5.98 1.35 2.42 
26.72 30.27 9.07 1.11 2.86 
27.20 33.41 4.26 1.19 2.67 
27.71 37.31 8.17 1.01 2.28 
31.46 22.22 4.30 1.26 2.77 
32.40 24.71 1.16 1.90 2.26 
31.80 27.65 6.08 1.36 2.20 
32.15 31.45 6.89 1.51 1.31 
31.35 33.82 9.18 1.25 1.07 
32.15 37.51 9.39 1.03 2.27 
36.33 21.31 0.56 1.84 1.71 
36.31 24.34 1.94 1.91 2.60 
36.56 27.24 9.02 1.47 2.74 
36.90 30.19 9.51 1.61 2.89 
36.82 34.19 6.74 1.32 2.14 
36.06 36.07 5.46 1.61 2.69 
